P3
24 24
255
255 255 255 255 255 255 255 255 255 255 255 255 255 255 255 255 255 255 255 255 255 255 255 255 0 0 0 0 0 0 0 0 0 0 0 0 0 0 0 0 0 0 0 0 0 255 255 255 255 255 255 255 255 255 255 255 255 255 255 255 255 255 255 255 255 255 255 255 255 255 255 255
255 255 255 255 255 255 255 255 255 255 255 255 255 255 255 255 255 255 0 0 0 0 0 0 255 207 43 255 207 43 255 207 43 255 207 43 255 207 43 255 207 43 255 207 43 0 0 0 255 255 255 255 255 255 255 255 255 255 255 255 255 255 255 255 255 255 255 255 255 255 255 255
255 255 255 255 255 255 255 255 255 255 255 255 255 255 255 0 0 0 255 207 43 255 207 43 255 207 43 255 207 43 255 207 43 255 207 43 255 207 43 255 207 43 255 207 43 255 207 43 0 0 0 255 255 255 255 255 255 255 255 255 255 255 255 255 255 255 255 255 255 255 255 255
255 255 255 255 255 255 255 255 255 255 255 255 0 0 0 255 207 43 255 207 43 255 207 43 255 207 43 255 207 43 255 207 43 255 207 43 255 207 43 255 207 43 255 207 43 255 207 43 255 207 43 0 0 0 255 255 255 255 255 255 255 255 255 255 255 255 255 255 255 255 255 255
255 255 255 255 255 255 255 255 255 255 255 255 0 0 0 255 207 43 255 207 43 255 207 43 255 207 43 255 207 43 255 207 43 255 207 43 255 207 43 255 207 43 255 207 43 255 207 43 255 207 43 0 0 0 255 255 255 255 255 255 255 255 255 255 255 255 255 255 255 255 255 255
255 255 255 255 255 255 255 255 255 255 255 255 0 0 0 255 207 43 255 207 43 255 207 43 0 0 0 0 0 0 255 207 43 255 207 43 255 207 43 255 207 43 255 207 43 255 207 43 255 207 43 0 0 0 255 255 255 255 255 255 255 255 255 255 255 255 255 255 255 255 255 255
255 255 255 255 255 255 255 255 255 0 0 0 0 0 0 221 117 27 255 207 43 255 207 43 0 0 0 0 0 0 255 207 43 255 207 43 255 207 43 255 207 43 255 207 43 255 207 43 255 207 43 0 0 0 255 255 255 255 255 255 255 255 255 255 255 255 255 255 255 255 255 255
0 0 0 0 0 0 0 0 0 221 117 27 221 117 27 221 117 27 221 117 27 255 207 43 255 207 43 255 207 43 255 207 43 255 207 43 255 207 43 255 207 43 255 207 43 255 207 43 255 207 43 0 0 0 255 255 255 255 255 255 255 255 255 255 255 255 255 255 255 255 255 255
0 0 0 221 117 27 221 117 27 221 117 27 221 117 27 221 117 27 221 117 27 221 117 27 221 117 27 255 207 43 255 207 43 255 207 43 255 207 43 255 207 43 255 207 43 255 207 43 255 207 43 0 0 0 255 255 255 255 255 255 255 255 255 255 255 255 255 255 255 255 255 255
255 255 255 0 0 0 0 0 0 0 0 0 0 0 0 0 0 0 0 0 0 255 207 43 255 207 43 255 207 43 255 207 43 255 207 43 255 207 43 255 207 43 255 207 43 255 207 43 0 0 0 255 255 255 255 255 255 255 255 255 255 255 255 255 255 255 255 255 255 0 0 0
255 255 255 255 255 255 255 255 255 255 255 255 255 255 255 0 0 0 255 177 22 255 177 22 255 207 43 255 207 43 255 207 43 255 207 43 255 207 43 255 207 43 255 207 43 0 0 0 255 255 255 255 255 255 255 255 255 255 255 255 255 255 255 255 255 255 0 0 0 0 0 0
255 255 255 255 255 255 255 255 255 255 255 255 0 0 0 255 177 22 255 177 22 255 207 43 255 207 43 255 207 43 255 207 43 255 207 43 255 207 43 255 207 43 0 0 0 0 0 0 0 0 0 0 0 0 0 0 0 0 0 0 0 0 0 0 0 0 255 207 43 0 0 0
255 255 255 255 255 255 255 255 255 0 0 0 255 207 43 255 207 43 255 207 43 255 207 43 255 207 43 255 207 43 255 207 43 255 207 43 255 207 43 255 207 43 255 207 43 255 207 43 255 207 43 255 207 43 255 207 43 255 207 43 255 207 43 255 207 43 255 207 43 0 0 0
255 255 255 255 255 255 0 0 0 255 207 43 255 207 43 255 207 43 255 207 43 255 207 43 255 207 43 255 207 43 255 207 43 255 177 22 255 207 43 0 0 0 0 0 0 0 0 0 0 0 0 0 0 0 0 0 0 0 0 0 255 207 43 255 207 43 255 177 22 0 0 0
255 255 255 255 255 255 0 0 0 255 207 43 255 207 43 255 207 43 255 207 43 255 207 43 255 207 43 255 207 43 0 0 0 255 207 43 255 207 43 255 207 43 255 207 43 255 207 43 255 207 43 255 207 43 255 207 43 0 0 0 255 207 43 255 207 43 255 177 22 0 0 0
255 255 255 255 255 255 0 0 0 255 207 43 255 207 43 255 207 43 255 207 43 255 207 43 255 207 43 255 207 43 0 0 0 255 207 43 255 207 43 255 207 43 255 207 43 255 207 43 255 207 43 255 177 22 0 0 0 255 207 43 255 207 43 255 177 22 255 177 22 0 0 0
255 255 255 255 255 255 0 0 0 255 177 22 255 207 43 255 207 43 255 207 43 255 207 43 255 207 43 255 207 43 255 207 43 0 0 0 255 207 43 255 207 43 255 207 43 255 207 43 255 177 22 0 0 0 255 207 43 255 207 43 255 207 43 255 177 22 0 0 0 255 255 255
255 255 255 255 255 255 255 255 255 0 0 0 255 177 22 255 207 43 255 207 43 255 207 43 255 207 43 255 207 43 255 207 43 255 207 43 0 0 0 0 0 0 0 0 0 0 0 0 0 0 0 255 207 43 255 207 43 255 207 43 255 177 22 255 177 22 0 0 0 255 255 255
255 255 255 255 255 255 255 255 255 0 0 0 255 177 22 255 177 22 255 177 22 255 207 43 255 207 43 255 207 43 255 207 43 255 207 43 255 207 43 255 207 43 255 207 43 255 207 43 255 207 43 255 207 43 255 207 43 255 177 22 255 177 22 0 0 0 255 255 255 255 255 255
255 255 255 255 255 255 255 255 255 255 255 255 0 0 0 255 177 22 255 177 22 255 177 22 255 177 22 255 177 22 255 177 22 255 177 22 255 177 22 255 177 22 255 177 22 255 177 22 255 177 22 255 177 22 255 177 22 255 177 22 0 0 0 255 255 255 255 255 255 255 255 255
255 255 255 255 255 255 255 255 255 255 255 255 255 255 255 0 0 0 0 0 0 0 0 0 255 177 22 255 177 22 255 177 22 255 177 22 255 177 22 0 0 0 0 0 0 255 177 22 255 177 22 255 177 22 0 0 0 0 0 0 255 255 255 255 255 255 255 255 255 255 255 255
255 255 255 255 255 255 255 255 255 255 255 255 255 255 255 255 255 255 255 255 255 0 0 0 0 0 0 221 117 27 221 117 27 0 0 0 0 0 0 0 0 0 221 117 27 221 117 27 0 0 0 0 0 0 255 255 255 255 255 255 255 255 255 255 255 255 255 255 255 255 255 255
255 255 255 255 255 255 255 255 255 255 255 255 255 255 255 0 0 0 0 0 0 221 117 27 221 117 27 221 117 27 221 117 27 0 0 0 221 117 27 221 117 27 221 117 27 221 117 27 0 0 0 255 255 255 255 255 255 255 255 255 255 255 255 255 255 255 255 255 255 255 255 255
255 255 255 255 255 255 255 255 255 255 255 255 255 255 255 0 0 0 0 0 0 0 0 0 0 0 0 0 0 0 0 0 0 0 0 0 0 0 0 0 0 0 0 0 0 0 0 0 0 0 0 255 255 255 255 255 255 255 255 255 255 255 255 255 255 255 255 255 255 255 255 255